# Experiment IPTS-30384 Run 207268
# Reduction 2.0.12
# Run title: Exp11_Cu-k_BF4_dTHF_EtOH_rep4_OCV1-207268-1.
# Run start time: 2023-07-17T11:01:56.231310667
# Reduction time: Mon Jul 17 07:05:11 2023
# Q summing: False
# TOF weighted: False
# Bck in Q: False
# DataRun   NormRun   TwoTheta(deg)  LambdaMin(A)   LambdaMax(A) Qmin(1/A)    Qmax(1/A)    SF_A         SF_B
# 207268    205740    0.0209403      13.1015        16.4518      0.005        0.0100       1            0           
# 207269    205741    0.0209346      10.5264        13.8767      0.005        0.0124       1            0           
# 207270    205742    0.0209403      7.91981        11.2701      0.005        0.0166       1.1158       -3.487      
# 207271    205743    0.020963       5.26297        8.61328      0.005        0.0250       7.8759       3.3823      
# 207272    205744    0.0209403      2.51156        5.86187      0.005        0.0523       33.600       0.0003      
# 207273    205744    0.0412845      2.51156        5.86187      0.005        0.1032       129.02       0.0022      
# 207274    205744    0.081786       2.51156        5.86187      0.005        0.2045       443.75       0.0120      
# dQ0[1/Angstrom] = 0
# dQ/Q = 0.0277935
# Q [1/Angstrom]        R                     dR                    dQ [FWHM]            
  0.0079921268598835    1.1443344751870419    0.0948218436245919    0.0002221602249160
  0.0081120087627818    0.9927567968058167    0.0813925571191847    0.0002254926282897
  0.0082336888942235    1.2017027970442056    0.0850378769903098    0.0002288750177141
  0.0083571942276368    1.1825016762653469    0.0799542399432651    0.0002323081429798
  0.0084825521410514    1.0720234588583866    0.0736625518798985    0.0002357927651245
  0.0086097904231672    1.0774829058022302    0.0692890382328068    0.0002393296566014
  0.0087389372795147    1.0687928220129783    0.0658001726897380    0.0002429196014504
  0.0088700213387074    1.0843727359724800    0.0631509283577621    0.0002465633954721
  0.0090030716587880    1.2060096367583906    0.0637547520810096    0.0002502618464042
  0.0091381177336698    1.0407374850386677    0.0559596110402808    0.0002540157741003
  0.0092751894996749    1.1676890479335051    0.0566500012605393    0.0002578260107118
  0.0094143173421700    1.0702764643502372    0.0522928166801137    0.0002616934008725
  0.0095555321023025    1.0312295991948213    0.1040066657586200    0.0002656906837229
  0.0095555321023025    1.0441319055861982    0.0493354701456315    0.0002656188018855
  0.0096988650838371    1.1346736192826303    0.1034729339427239    0.0002696760439788
  0.0098443480600946    1.1534774574683400    0.0977599190533508    0.0002737211846385
  0.0099920132809960    1.1178296683504689    0.0909062975659964    0.0002778270024080
  0.0101418934802110    1.0549175258141699    0.0831430940477423    0.0002819944074441
  0.0102940218824141    1.1046126740398410    0.0830314708826911    0.0002862243235558
  0.0104484322106503    1.1741582756619220    0.0827871616904666    0.0002905176884091
  0.0106051586938101    1.1886390850112973    0.0815786056484865    0.0002948754537353
  0.0107642360742173    1.0960998031307863    0.0706076353242923    0.0002992985855413
  0.0109256996153305    1.1339647942568576    0.0692526600429167    0.0003037880643244
  0.0110895851095605    1.0615598815240808    0.0656464310757711    0.0003083448852893
  0.0112559288862039    1.0786917178926385    0.0626986097074394    0.0003129700585686
  0.0114247678194969    1.1035180264336641    0.0607474421522276    0.0003176646094472
  0.0115961393367894    1.1320942771388629    0.0589275438953410    0.0003224295785889
  0.0117700814268412    1.2406356366562596    0.1397042876959532    0.0003271774814026
  0.0117700814268412    1.1892762452814993    0.0582866756589594    0.0003272660222677
  0.0119466326482438    1.1717906783655119    0.0543994308252219    0.0003321750126017
  0.0119466326482438    1.4083369687038438    0.1486196393534207    0.0003320851436236
  0.0121258321379675    1.1765750391115368    0.1266291135370825    0.0003370664207780
  0.0123077196200370    0.9060474963179763    0.1015042172188410    0.0003421224170896
  0.0124923354143376    1.2660164326138470    0.1234780296982680    0.0003472542533460
  0.0126797204455526    1.1562159431490282    0.1117174249282425    0.0003524630671462
  0.0128699162522359    1.2618192310789660    0.1179453688239888    0.0003577500131534
  0.0130629649960195    0.9741143066103819    0.0938738680682492    0.0003631162633507
  0.0132589094709597    1.0821112132737227    0.1009548045261319    0.0003685630073009
  0.0134577931130241    1.1732919293238553    0.1044337080979351    0.0003740914524104
  0.0136596600097195    1.1456687417322393    0.0991648934794772    0.0003797028241966
  0.0138645549098653    1.0707002522555549    0.0920569067031170    0.0003853983665595
  0.0140725232335133    1.1405618722633302    0.0948941323781200    0.0003911793420579
  0.0142836110820160    1.0378908763483190    0.0861923302300207    0.0003970470321888
  0.0144978652482462    0.9711657767818710    0.0803048806428198    0.0004030027376716
  0.0147153332269699    0.6468076912762875    0.0579965808825888    0.0004090477787367
  0.0149360632253744    0.5229657823838681    0.0482232635858934    0.0004151834954178
  0.0151601041737551    0.5459795721455217    0.0483520314299562    0.0004214112478490
  0.0153875057363614    0.5020393678642304    0.0447177466264090    0.0004277324165668
  0.0153875057363614    0.5571686951341035    0.0475535147125864    0.0004272700299391
  0.0156183183224068    0.4159875552655150    0.0389382017291662    0.0004341484028153
  0.0156183183224068    0.4899448219653957    0.0409634415745161    0.0004336790803882
  0.0158525930972429    0.4535689200528412    0.0395514112039275    0.0004406606288575
  0.0158525930972429    0.4363092096368183    0.0360640191641500    0.0004401842665940
  0.0160903819937015    0.4102645904881311    0.0338466106454443    0.0004467870305929
  0.0163317377236071    0.3970104102437914    0.0324535305486512    0.0004534888360518
  0.0165767137894612    0.3630333981169556    0.0299117645207225    0.0004602911685926
  0.0168253644963031    0.3082374734048908    0.0261716137350609    0.0004671955361215
  0.0170777449637476    0.3056528009572634    0.0251088442510799    0.0004742034691633
  0.0173339111382038    0.2478189777480521    0.0212742971660301    0.0004813165212008
  0.0175939198052769    0.1981566049373046    0.0178745602406430    0.0004885362690188
  0.0178578286023560    0.1904369419419324    0.0172199335834569    0.0004958643130540
  0.0181256960313914    0.1612350075107496    0.0147540227047584    0.0005033022777499
  0.0183975814718623    0.1450151606581612    0.0138931290176264    0.0005108518119161
  0.0186735451939402    0.1117899946777868    0.0115678226168321    0.0005185145890948
  0.0189536483718493    0.0872534590243161    0.0093363897054731    0.0005262923079313
  0.0192379530974270    0.0764183712873077    0.0086489759789244    0.0005341866925502
  0.0195265223938884    0.0634258426680400    0.0076565592822781    0.0005421994929385
  0.0198194202297968    0.0534459967350070    0.0065652247893183    0.0005503324853326
  0.0201167115332437    0.0352867948443951    0.0049633126267274    0.0005585874726126
  0.0204184622062424    0.0542392532288330    0.0064621297923423    0.0005669662847017
  0.0207247391393360    0.0417114458554986    0.0052570350694444    0.0005754707789723
  0.0210356102264260    0.0457595601656824    0.0053996856165271    0.0005841028406569
  0.0213511443798224    0.0476957713397018    0.0054389217086630    0.0005928643832667
  0.0216714115455197    0.0518535797714529    0.0057205287990419    0.0006017573490157
  0.0219964827187025    0.0507778352514266    0.0054083591796171    0.0006107837092509
  0.0223264299594831    0.0572596536988094    0.0058316554823073    0.0006199454648897
  0.0226613264088753    0.0580624248047465    0.0058324900854604    0.0006292446468631
  0.0226613264088753    0.0620986618982134    0.0031469881507620    0.0006299256080582
  0.0230012463050085    0.0658538695579766    0.0059457034206967    0.0006386833165660
  0.0230012463050085    0.0703780456476100    0.0034692209051209    0.0006393744921791
  0.0233462649995836    0.0600526689386538    0.0056586174801274    0.0006482635663145
  0.0233462649995836    0.0678446017622434    0.0032836132409205    0.0006489651095618
  0.0236964589745773    0.0653989595018804    0.0057840171372565    0.0006579875198092
  0.0236964589745773    0.0649456000353747    0.0031325796930587    0.0006586995862052
  0.0240519058591960    0.0685276121209501    0.0057247162979796    0.0006678573326063
  0.0240519058591960    0.0633778546143520    0.0030129375523158    0.0006685800799983
  0.0244126844470839    0.0601579893969782    0.0028433798257952    0.0006786087811982
  0.0247788747137902    0.0586183981345931    0.0027545336382908    0.0006887879129162
  0.0251505578344970    0.0488280201909635    0.0023436762086126    0.0006991197316100
  0.0255278162020145    0.0493704137236247    0.0023478699733168    0.0007096065275841
  0.0259107334450447    0.0417487112510113    0.0020287956572497    0.0007202506254979
  0.0262993944467204    0.0345745702962982    0.0017081714939855    0.0007310543848803
  0.0266938853634212    0.0279064061485509    0.0014321073539101    0.0007420202006535
  0.0270942936438725    0.0248056511885145    0.0012905083543701    0.0007531505036633
  0.0275007080485306    0.0214295469558675    0.0011460443719399    0.0007644477612183
  0.0279132186692585    0.0168061131762453    0.0009555379489291    0.0007759144776366
  0.0283319169492974    0.0145215964343606    0.0008757810479046    0.0007875531948011
  0.0287568957035369    0.0127450851985355    0.0007803739533609    0.0007993664927231
  0.0291882491390899    0.0124781219083195    0.0007727720326582    0.0008113569901140
  0.0296260728761763    0.0140248990113608    0.0008307318789751    0.0008235273449657
  0.0300704639693189    0.0150708504027107    0.0008698995077522    0.0008358802551402
  0.0305215209288587    0.0159704101548848    0.0008830701921058    0.0008484184589673
  0.0309793437427915    0.0186633599149760    0.0010065460515596    0.0008611447358518
  0.0314440338989334    0.0204516265527297    0.0010604979514726    0.0008740619068896
  0.0319156944074174    0.0185077158388334    0.0009698319105128    0.0008871728354929
  0.0323944298235287    0.0203854565825006    0.0010590984283714    0.0009004804280253
  0.0328803462708816    0.0214286863019521    0.0011237452859217    0.0009139876344457
  0.0333735514649448    0.0217168178097574    0.0011103805555328    0.0009276974489624
  0.0338741547369190    0.0202118861095732    0.0010402012355167    0.0009416129106968
  0.0343822670579728    0.0181069978652848    0.0009538099850287    0.0009557371043573
  0.0348980010638424    0.0163270257738070    0.0008814443644322    0.0009700731609226
  0.0354214710798000    0.0138045694008969    0.0007807029189351    0.0009846242583365
  0.0359527931459970    0.0108988619341577    0.0006587004272042    0.0009993936222115
  0.0364920850431869    0.0091893150836497    0.0005834857732916    0.0010143845265447
  0.0370394663188347    0.0072258600465331    0.0005113137393458    0.0010296002944428
  0.0375950583136173    0.0058494129919194    0.0004400903217735    0.0010450442988595
  0.0381589841883215    0.0057248668540632    0.0004302970358702    0.0010607199633424
  0.0387313689511463    0.0057601487052087    0.0004309049177723    0.0010766307627925
  0.0393123394854135    0.0057140609590898    0.0004201192115250    0.0010927802242344
  0.0399020245776947    0.0068156026891581    0.0004851088092234    0.0011091719275979
  0.0405005549463601    0.0075288960125848    0.0004913051677468    0.0011258095065119
  0.0411080632705555    0.0080219281982781    0.0005145751127245    0.0011426966491096
  0.0417246842196139    0.0090228182846806    0.0005624041061119    0.0011598370988462
  0.0423505544829081    0.0091219283243137    0.0005587026187775    0.0011772346553289
  0.0429858128001517    0.0089654677702988    0.0005474298323458    0.0011948931751588
  0.0436305999921540    0.0092539991287410    0.0005716512844290    0.0012128165727862
  0.0442850589920363    0.0079701051578818    0.0005179579574040    0.0012310088213780
  0.0449493348769168    0.0062508264869388    0.0004411886734140    0.0012494739536987
  0.0449493348769168    0.0072894958607872    0.0003890381063039    0.0012496389363703
  0.0456235749000706    0.0065323359485718    0.0003501511976729    0.0012683835204158
  0.0456235749000706    0.0060707229697279    0.0004332234385488    0.0012682160630042
  0.0463079285235716    0.0043965105695762    0.0003644513984018    0.0012872393039492
  0.0463079285235716    0.0049733026071587    0.0002722779928275    0.0012874092732221
  0.0470025474514252    0.0028213272370707    0.0002985263723902    0.0013065478935085
  0.0470025474514252    0.0037401248736499    0.0002110979599612    0.0013067204123204
  0.0477075856631966    0.0028169238606461    0.0002859317935224    0.0013261461119111
  0.0477075856631966    0.0029951792355098    0.0001727273131110    0.0013263212185052
  0.0484231994481445    0.0026274278904351    0.0001547385825833    0.0013462160367828
  0.0484231994481445    0.0024562804314411    0.0002646192921496    0.0013460383035898
  0.0491495474398667    0.0032159843202558    0.0003040420467747    0.0013662288781436
  0.0491495474398667    0.0026283601402624    0.0001517784269339    0.0013664092773345
  0.0498867906514647    0.0028071470883222    0.0002849046851256    0.0013867223113158
  0.0498867906514647    0.0029387817607087    0.0001648239461952    0.0013869054164945
  0.0506350925112366    0.0033006795282770    0.0001801067807987    0.0014077089977420
  0.0513946188989052    0.0039023947664277    0.0002055208862969    0.0014288246327081
  0.0521655381823887    0.0041919808047755    0.0002170276105273    0.0014502570021987
  0.0529480212551246    0.0044348563837781    0.0002258122801856    0.0014720108572317
  0.0537422415739514    0.0038645921895328    0.0001962302493774    0.0014940910200902
  0.0545483751975607    0.0037138920593480    0.0001895699076013    0.0015165023853915
  0.0553666008255241    0.0030823104554682    0.0001613851661743    0.0015392499211724
  0.0561970998379070    0.0025044011351655    0.0001361049225969    0.0015623386699900
  0.0570400563354756    0.0018385865579991    0.0001056474836980    0.0015857737500398
  0.0578956571805077    0.0014158908896617    0.0000858904827845    0.0016095603562904
  0.0587640920382153    0.0012872640235435    0.0000800312175832    0.0016337037616348
  0.0596455534187885    0.0014037756157628    0.0000831407700488    0.0016582093180593
  0.0605402367200703    0.0015413477645413    0.0000892762737662    0.0016830824578302
  0.0614483402708714    0.0017552879650135    0.0000992348174097    0.0017083286946976
  0.0623700653749344    0.0018359964426201    0.0001018347964886    0.0017339536251181
  0.0633056163555585    0.0019798287054814    0.0001073885118693    0.0017599629294949
  0.0642552006008918    0.0017951113995485    0.0001004885351345    0.0017863623734373
  0.0652190286099052    0.0015053014482438    0.0000904965874866    0.0018131578090389
  0.0661973140390538    0.0010830471590171    0.0000696573396250    0.0018403551761745
  0.0671902737496396    0.0009230859559860    0.0000616895103513    0.0018679605038171
  0.0681981278558842    0.0006663932990288    0.0000501739188381    0.0018959799113743
  0.0692210997737224    0.0006642987500317    0.0000487156725097    0.0019244196100449
  0.0702594162703283    0.0006059100792547    0.0000457232902725    0.0019532859041956
  0.0713133075143832    0.0007130691734993    0.0000497259921079    0.0019825851927585
  0.0723830071270989    0.0008138707448849    0.0000538511802224    0.0020123239706499
  0.0734687522340054    0.0008140098517362    0.0000548136034311    0.0020425088302097
  0.0745707835175154    0.0008311227249877    0.0000537187149840    0.0020731464626628
  0.0756893452702782    0.0006412190978314    0.0000458076063392    0.0021042436596028
  0.0768246854493324    0.0004841495068615    0.0000389326946087    0.0021358073144968
  0.0779770557310723    0.0003344589305632    0.0000310810608163    0.0021678444242143
  0.0791467115670384    0.0003224700715699    0.0000300344853690    0.0022003620905775
  0.0803339122405440    0.0002923573485957    0.0000282536590792    0.0022333675219361
  0.0815389209241521    0.0003427693585102    0.0000306161094350    0.0022668680347652
  0.0827620047380144    0.0004408777883462    0.0000364405622296    0.0023008710552866
  0.0840034348090846    0.0003247103952054    0.0000315498509769    0.0023353841211159
  0.0852634863312209    0.0003520996848190    0.0000316746512988    0.0023704148829327
  0.0865424386261892    0.0002372327983881    0.0000251937005404    0.0024059711061767
  0.0878405752055820    0.0001687720754197    0.0000208109279513    0.0024420606727693
  0.0891581838336657    0.0000838957191119    0.0000173581967619    0.0024786915828609
  0.0891581838336657    0.0000997777428133    0.0000060187980916    0.0024780169913830
  0.0904955565911707    0.0000975527779857    0.0000059015755177    0.0025151872462537
  0.0904955565911707    0.0001044366555906    0.0000200291830352    0.0025158719566038
  0.0918529899400382    0.0000939634520261    0.0000171710048760    0.0025536100359528
  0.0918529899400382    0.0001024718928138    0.0000061233210487    0.0025529150549475
  0.0932307847891388    0.0001140263376528    0.0000184045630532    0.0025919141864921
  0.0932307847891388    0.0001210158318840    0.0000070422504640    0.0025912087807717
  0.0946292465609759    0.0001171989428244    0.0000201153953143    0.0026307928992895
  0.0946292465609759    0.0001145049152041    0.0000066275761118    0.0026300769124833
  0.0960486852593905    0.0000694731920170    0.0000160969617898    0.0026702547927788
  0.0960486852593905    0.0000928068240328    0.0000054509398553    0.0026695280661705
  0.0974894155382814    0.0000480120445944    0.0000190721979459    0.0027103086146705
  0.0974894155382814    0.0000592253235094    0.0000036745066505    0.0027095709871631
  0.0989517567713556    0.0000497292351631    0.0000120974516419    0.0027509632438906
  0.0989517567713556    0.0000352653219849    0.0000024551136185    0.0027502145519705
  0.1004360331229259    0.0000247239724744    0.0000019151525134    0.0027914677702501
  0.1019425736197698    0.0000283017247633    0.0000020456718042    0.0028333397868039
  0.1034717122240663    0.0000315237253240    0.0000021918369149    0.0028758398836059
  0.1050237879074273    0.0000310058162106    0.0000021947720207    0.0029189774818600
  0.1065991447260387    0.0000197272344477    0.0000015390152192    0.0029627621440879
  0.1081981318969293    0.0000121641283523    0.0000012847436352    0.0030072035762492
  0.1098211038753832    0.0000035963625460    0.0000009502421085    0.0030523116298930
  0.1114684204335139    0.0000035494328766    0.0000009392211279    0.0030980963043414
  0.1131404467400166    0.0000040489466062    0.0000009329967816    0.0031445677489065
  0.1148375534411168    0.0000050196579330    0.0000010032693362    0.0031917362651401
  0.1165601167427336    0.0000051693954909    0.0000009695677882    0.0032396123091172
  0.1183085184938746    0.0000028074538424    0.0000008731792972    0.0032882064937539
  0.1200831462712827    0.0000032345740107    0.0000007995181489    0.0033375295911602
  0.1218843934653519    0.0000012621049637    0.0000008043597261    0.0033875925350276
  0.1237126593673322    0.0000029675913549    0.0000008233861807    0.0034384064230531
  0.1255683492578422    0.0000022121339182    0.0000009126540977    0.0034899825193989
  0.1274518744967098    0.0000050736782088    0.0000009659157209    0.0035423322571898
  0.1293636526141604    0.0000041679330059    0.0000010678803919    0.0035954672410477
  0.1313041074033728    0.0000039113017032    0.0000009694913475    0.0036493992496634
  0.1332736690144234    0.0000050113452270    0.0000009647701239    0.0037041402384083
  0.1352727740496397    0.0000040711003311    0.0000009981058250    0.0037597023419845
  0.1373018656603843    0.0000065704365159    0.0000010587248252    0.0038160978771142
  0.1393613936452901    0.0000079243845059    0.0000010651258908    0.0038733393452710
  0.1414518145499694    0.0000049610407391    0.0000009680066274    0.0039314394354500
  0.1435735917682189    0.0000067506898687    0.0000009905306359    0.0039904110269818
  0.1457271956447422    0.0000080595721072    0.0000010403534294    0.0040502671923865
  0.1479131035794133    0.0000079982514596    0.0000009998717963    0.0041110212002723
  0.1501318001331045    0.0000066360775205    0.0000009878093125    0.0041726865182764
  0.1523837771351011    0.0000070380321585    0.0000009744616530    0.0042352768160505
  0.1546695337921276    0.0000037696128458    0.0000010217148919    0.0042988059682913
  0.1569895767990095    0.0000058833606015    0.0000009513787903    0.0043632880578156
  0.1593444204509946    0.0000074698629381    0.0000009171041554    0.0044287373786829
  0.1617345867577595    0.0000053214692484    0.0000009704011304    0.0044951684393631
  0.1641606055591259    0.0000045477610452    0.0000009577500157    0.0045625959659536
  0.1666230146425127    0.0000029829280273    0.0000009440057097    0.0046310349054429
  0.1691223598621504    0.0000037433006064    0.0000009124886337    0.0047005004290245
  0.1716591952600827    0.0000030421616512    0.0000009049262268    0.0047710079354599
  0.1742340831889839    0.0000029888011382    0.0000008887781761    0.0048425730544918
  0.1768475944368186    0.0000022698218483    0.0000008696728930    0.0049152116503092
  0.1795003083533709    0.0000025111664425    0.0000008707612415    0.0049889398250638
  0.1821928129786714    0.0000007712687221    0.0000008761864599    0.0050637739224397
  0.1849257051733515    0.0000009777957929    0.0000008677950106    0.0051397305312763
  0.1876995907509517    0.0000019806929036    0.0000009148263757    0.0052168264892455
  0.1905150846122160    0.0000016194698499    0.0000008114660246    0.0052950788865842
  0.1933728108813992    0.0000003495441249    0.0000008856577205    0.0053745050698829
  0.1962734030446202    0.0000010580908603    0.0000008988841968    0.0054551226459312
